cam0:
  T_cam_imu:
  - [-0.010428004064754692, -0.9999397899797176, 0.003416598680380356, 0.0019077303554505627]
  - [0.008186835787889424, -0.0035020464441770094, -0.9999603549093752, -0.0038126083827557645]
  - [0.9999121123633848, -0.010399619513239144, 0.008222862212895421, -0.029484401425652076]
  - [0.0, 0.0, 0.0, 1.0]
  cam_overlaps: [1]
  camera_model: pinhole
  distortion_coeffs: [-0.0006901050354162859, -0.006135082017007439, 1.8127681002950067e-05,
    0.0015450086087697471]
  distortion_model: radtan
  intrinsics: [381.4105181951269, 382.6273347001329, 328.66135943298445, 237.22564448285215]
  resolution: [640, 480]
  rostopic: /left
  timeshift_cam_imu: -0.0252783991726323
cam1:
  T_cam_imu:
  - [-0.010775111760732037, -0.9999365503932716, 0.0032851414198634687, -0.048165584320140835]
  - [0.009186156524491229, -0.003384180583283658, -0.9999520797768701, -0.003900860818033337]
  - [0.9998997507224671, -0.010744417591684319, 0.009222038590475767, -0.02996767889855058]
  - [0.0, 0.0, 0.0, 1.0]
  T_cn_cnm1:
  - [0.9999999311123702, 0.0001285989899921028, -0.00034819183490888235, -0.0500830904744187]
  - [-0.00012825141208407437, 0.9999994936986129, 0.0009980751938315046, -5.85820468266082e-05]
  - [0.0003483200100807363, -0.0009980304689819672, 0.9999994413040203, -0.00048776354570396146]
  - [0.0, 0.0, 0.0, 1.0]
  cam_overlaps: [0]
  camera_model: pinhole
  distortion_coeffs: [-0.00206640692982502, -0.0037664106299200297, -9.45902342804397e-05,
    0.001802432660553498]
  distortion_model: radtan
  intrinsics: [381.42334984476634, 382.518023981615, 329.02720993563054, 236.93839533999363]
  resolution: [640, 480]
  rostopic: /right
  timeshift_cam_imu: -0.025282406292709822
