cam0:
  cam_overlaps: [1]
  camera_model: pinhole
  distortion_coeffs: [-0.0006901050354162859, -0.006135082017007439, 1.8127681002950067e-05,
    0.0015450086087697471]
  distortion_model: radtan
  intrinsics: [381.4105181951269, 382.6273347001329, 328.66135943298445, 237.22564448285215]
  resolution: [640, 480]
  rostopic: /left
cam1:
  T_cn_cnm1:
  - [0.9999999311123697, 0.0001285989899921028, -0.00034819183490888235, -0.0500830904744187]
  - [-0.00012825141208407437, 0.9999994936986124, 0.0009980751938315048, -5.85820468266082e-05]
  - [0.0003483200100807363, -0.0009980304689819674, 0.9999994413040199, -0.00048776354570396146]
  - [0.0, 0.0, 0.0, 1.0]
  cam_overlaps: [0]
  camera_model: pinhole
  distortion_coeffs: [-0.00206640692982502, -0.0037664106299200297, -9.45902342804397e-05,
    0.001802432660553498]
  distortion_model: radtan
  intrinsics: [381.42334984476634, 382.518023981615, 329.02720993563054, 236.93839533999363]
  resolution: [640, 480]
  rostopic: /right
