%YAML:1.0
---
type: IMU
name: d435i
Gyr:
   unit: " rad/s"
   avg-axis:
      gyr_n: 4.0896704880707272e-03
      gyr_w: 4.4518636148251307e-05
   x-axis:
      gyr_n: 1.8647995926121192e-03
      gyr_w: 3.1935083399645241e-05
   y-axis:
      gyr_n: 4.3177194934782099e-03
      gyr_w: 4.7245053953087141e-05
   z-axis:
      gyr_n: 6.0864923781218522e-03
      gyr_w: 5.4375771092021540e-05
Acc:
   unit: " m/s^2"
   avg-axis:
      acc_n: 2.6184002025986326e-02
      acc_w: 7.2403553417417802e-04
   x-axis:
      acc_n: 2.9650692603088048e-02
      acc_w: 9.9326841935684206e-04
   y-axis:
      acc_n: 2.2626655451657172e-02
      acc_w: 4.1600869821085317e-04
   z-axis:
      acc_n: 2.6274658023213760e-02
      acc_w: 7.6282948495483901e-04
