%YAML:1.0
---
model_type: PINHOLE
camera_name: camera
image_width: 640
image_height: 480
distortion_parameters:
   k1: -0.0006901050354162859
   k2: -0.006135082017007439
   p1: 1.8127681002950067e-05
   p2: 0.0015450086087697471
projection_parameters:
   fx: 381.4105181951269
   fy: 382.6273347001329
   cx: 328.66135943298445
   cy: 237.22564448285215
