cam0:
  cam_overlaps: [1]
  camera_model: pinhole
  distortion_coeffs: [0.01681853752483117, -0.023124837651041095, -0.0005555562642996446,
    3.0292970486187515e-06]
  distortion_model: radtan
  intrinsics: [386.74631954809, 387.51304889767744, 325.9871208191309, 238.05043020429665]
  resolution: [640, 480]
  rostopic: /left
cam1:
  T_cn_cnm1:
  - [0.9999994366506589, 0.0009072642184166339, 0.0005509718646375616, -0.049327945730202896]
  - [-0.0009093467782127096, 0.9999923992361789, 0.0037913794719609335, 0.000310219162245955]
  - [-0.0005475278938971988, -0.003791878360579814, 0.9999926609089174, 3.1467333896081406e-05]
  - [0.0, 0.0, 0.0, 1.0]
  cam_overlaps: [0]
  camera_model: pinhole
  distortion_coeffs: [0.004600985926514821, -0.00028579000343740716, -0.0007755378636859546,
    0.0005139680531513146]
  distortion_model: radtan
  intrinsics: [386.82992994351537, 387.3231669389733, 325.69080838331456, 236.1593232909061]
  resolution: [640, 480]
  rostopic: /right
