cam0:
  cam_overlaps: [1]
  camera_model: pinhole
  distortion_coeffs: [0.012389166972377852, -0.022691492019869506, -0.0007745351644017898,
    0.00016241437694779616]
  distortion_model: radtan
  intrinsics: [385.71892828753664, 386.3728552939998, 326.0263825874028, 238.51314321289362]
  resolution: [640, 480]
  rostopic: /left
cam1:
  T_cn_cnm1:
  - [0.9999997102326956, 0.0007407145990952751, -0.00017571679873368344, -0.04980542002634946]
  - [-0.0007400995114578645, 0.9999936880786413, 0.003475061952828435, 0.0007038486236220468]
  - [0.00017828971874429025, -0.0034749308979522267, 0.999993946515686, 0.0006680246611148594]
  - [0.0, 0.0, 0.0, 1.0]
  cam_overlaps: [0]
  camera_model: pinhole
  distortion_coeffs: [-0.0007461330452283457, 0.0006682524633563106, -0.0006576699963225533,
    -0.00029238216973004284]
  distortion_model: radtan
  intrinsics: [386.9262720482349, 387.53251863973753, 326.3839595629081, 235.85127779530794]
  resolution: [640, 480]
  rostopic: /right
